1	132
1	224
1	252
1	424
1	473
1	554
1	654
1	971
1	977
1	997
2	117
2	147
2	276
2	562
2	608
2	646
2	655
2	668
2	758
2	771
3	100
3	147
3	151
3	199
3	203
3	218
3	624
3	692
3	943
3	988
4	118
4	138
4	282
4	283
4	545
4	613
4	693
4	859
4	886
4	901
5	40
5	116
5	164
5	182
5	306
5	371
5	391
5	431
5	530
5	683
6	65
6	136
6	282
6	283
6	393
6	514
6	733
6	863
6	886
6	909
7	37
7	180
7	184
7	196
7	301
7	443
7	601
7	712
7	840
7	993
8	268
8	387
8	633
8	653
8	664
8	778
8	799
8	803
8	879
8	883
9	32
9	36
9	150
9	254
9	361
9	364
9	378
9	696
9	750
9	852
10	14
10	20
10	112
10	138
10	215
10	507
10	537
10	554
10	734
10	807
11	91
11	206
11	341
11	346
11	462
11	540
11	549
11	631
11	904
11	930
12	16
12	34
12	37
12	225
12	357
12	691
12	712
12	766
12	793
12	968
13	209
13	272
13	299
13	338
13	452
13	665
13	804
13	877
13	939
13	978
14	10
14	24
14	28
14	58
14	300
14	365
14	449
14	600
14	823
14	950
15	255
15	272
15	309
15	412
15	533
15	621
15	680
15	691
15	759
15	811
16	12
16	188
16	196
16	234
16	293
16	398
16	487
16	677
16	715
16	767
17	76
17	97
17	186
17	243
17	456
17	467
17	671
17	734
17	743
17	830
18	159
18	261
18	442
18	584
18	619
18	625
18	768
18	788
18	881
18	917
19	131
19	242
19	351
19	417
19	482
19	522
19	719
19	723
19	851
19	909
20	10
20	138
20	315
20	374
20	424
20	507
20	510
20	862
20	874
20	882
21	145
21	247
21	250
21	278
21	294
21	311
21	363
21	509
21	742
21	961
22	74
22	295
22	458
22	555
22	777
22	863
22	871
22	917
22	928
22	948
23	105
23	257
23	259
23	346
23	413
23	549
23	638
23	706
23	726
23	897
24	14
24	92
24	190
24	357
24	374
24	485
24	524
24	554
24	630
24	740
25	212
25	224
25	244
25	365
25	415
25	732
25	781
25	819
25	955
25	977
26	52
26	386
26	390
26	447
26	539
26	605
26	682
26	702
26	893
26	914
27	220
27	469
27	525
27	559
27	673
27	751
27	754
27	867
27	916
27	998
28	14
28	50
28	106
28	319
28	352
28	669
28	741
28	799
28	908
28	943
29	65
29	78
29	254
29	279
29	613
29	777
29	809
29	829
29	967
29	984
30	134
30	154
30	198
30	255
30	427
30	461
30	608
30	690
30	782
30	842
31	261
31	403
31	606
31	635
31	756
31	768
31	811
31	881
31	927
31	929
32	9
32	150
32	232
32	516
32	536
32	538
32	544
32	690
32	805
32	818
33	250
33	270
33	324
33	332
33	542
33	686
33	687
33	770
33	961
33	964
34	12
34	93
34	108
34	196
34	208
34	269
34	721
34	834
34	900
34	933
35	86
35	130
35	135
35	328
35	376
35	430
35	453
35	645
35	662
35	744
36	9
36	246
36	440
36	472
36	500
36	512
36	579
36	897
36	898
36	945
37	7
37	12
37	195
37	288
37	404
37	517
37	548
37	686
37	760
37	787
38	69
38	81
38	217
38	492
38	868
38	882
38	907
38	918
38	953
38	973
39	187
39	295
39	501
39	553
39	584
39	585
39	722
39	850
39	871
39	952
40	5
40	43
40	104
40	142
40	207
40	298
40	306
40	657
40	838
40	865
41	118
41	161
41	244
41	274
41	565
41	650
41	652
41	829
41	837
41	958
42	187
42	197
42	285
42	295
42	541
42	602
42	606
42	635
42	695
42	822
43	40
43	54
43	158
43	169
43	219
43	490
43	495
43	568
43	736
43	865
44	65
44	141
44	169
44	191
44	254
44	393
44	650
44	733
44	891
44	965
45	46
45	50
45	56
45	115
45	177
45	181
45	685
45	741
45	883
45	905
46	45
46	179
46	352
46	359
46	492
46	803
46	848
46	928
46	944
46	957
47	86
47	259
47	518
47	540
47	599
47	701
47	726
47	935
47	959
47	966
48	58
48	122
48	237
48	244
48	312
48	503
48	507
48	554
48	738
48	862
49	144
49	178
49	479
49	593
49	610
49	712
49	779
49	951
49	978
49	983
50	28
50	45
50	70
50	115
50	370
50	407
50	508
50	656
50	778
50	816
51	103
51	133
51	156
51	171
51	256
51	359
51	493
51	729
51	776
51	956
52	26
52	95
52	202
52	316
52	386
52	395
52	598
52	702
52	743
52	940
53	122
53	251
53	254
53	355
53	650
53	674
53	826
53	829
53	854
53	909
54	43
54	104
54	116
54	137
54	258
54	475
54	490
54	504
54	527
54	924
55	91
55	169
55	371
55	391
55	430
55	504
55	632
55	657
55	720
55	746
56	45
56	189
56	263
56	270
56	309
56	417
56	506
56	701
56	717
56	849
57	102
57	204
57	308
57	342
57	438
57	519
57	729
57	812
57	989
57	990
58	14
58	48
58	132
58	212
58	425
58	433
58	510
58	781
58	795
58	997
59	245
59	387
59	573
59	591
59	608
59	648
59	692
59	765
59	867
59	874
60	105
60	135
60	206
60	239
60	346
60	358
60	457
60	897
60	935
60	966
61	102
61	103
61	156
61	202
61	204
61	216
61	342
61	438
61	489
61	812
62	213
62	269
62	539
62	543
62	594
62	598
62	671
62	695
62	702
62	832
63	83
63	276
63	325
63	461
63	523
63	731
63	737
63	835
63	874
63	913
64	179
64	259
64	423
64	568
64	641
64	748
64	778
64	816
64	884
64	943
65	6
65	29
65	44
65	71
65	154
65	161
65	287
65	545
65	652
65	809
66	199
66	252
66	372
66	439
66	445
66	505
66	617
66	820
66	835
66	929
67	111
67	377
67	417
67	463
67	509
67	522
67	686
67	806
67	887
67	916
68	144
68	360
68	380
68	465
68	493
68	535
68	760
68	797
68	861
68	931
69	38
69	89
69	217
69	436
69	542
69	682
69	808
69	830
69	872
69	974
70	50
70	84
70	143
70	285
70	353
70	403
70	780
70	790
70	792
70	821
71	65
71	122
71	141
71	168
71	282
71	339
71	613
71	697
71	837
71	967
72	108
72	148
72	184
72	286
72	415
72	432
72	481
72	621
72	622
72	698
73	172
73	193
73	288
73	515
73	556
73	602
73	715
73	798
73	963
73	983
74	22
74	146
74	238
74	301
74	570
74	651
74	700
74	831
74	902
74	948
75	241
75	260
75	271
75	300
75	321
75	424
75	510
75	652
75	796
75	823
76	17
76	419
76	586
76	671
76	743
76	802
76	808
76	866
76	872
76	914
77	114
77	161
77	191
77	283
77	326
77	494
77	565
77	716
77	809
77	854
78	29
78	236
78	274
78	277
78	380
78	652
78	716
78	769
78	859
78	891
79	123
79	375
79	593
79	648
79	649
79	665
79	676
79	771
79	932
79	963
80	139
80	146
80	197
80	275
80	322
80	577
80	700
80	788
80	864
80	937
81	38
81	202
81	243
81	299
81	367
81	558
81	575
81	832
81	868
81	940
82	86
82	129
82	200
82	218
82	227
82	264
82	337
82	591
82	842
82	913
83	63
83	100
83	124
83	170
83	422
83	607
83	669
83	758
83	820
83	892
84	70
84	114
84	121
84	541
84	585
84	624
84	651
84	847
84	894
84	948
85	116
85	164
85	182
85	298
85	391
85	477
85	490
85	495
85	727
85	915
86	35
86	47
86	82
86	323
86	408
86	413
86	428
86	549
86	935
86	959
87	140
87	143
87	214
87	234
87	324
87	351
87	551
87	559
87	637
87	719
88	128
88	344
88	377
88	509
88	513
88	522
88	626
88	686
88	739
88	754
89	69
89	126
89	386
89	389
89	400
89	492
89	504
89	667
89	695
89	802
90	194
90	311
90	313
90	381
90	402
90	547
90	687
90	723
90	764
90	773
91	11
91	55
91	142
91	158
91	258
91	450
91	475
91	576
91	605
91	888
92	24
92	153
92	244
92	312
92	409
92	483
92	738
92	870
92	950
92	997
93	34
93	269
93	393
93	433
93	471
93	676
93	761
93	877
93	923
93	939
94	240
94	247
94	311
94	575
94	581
94	699
94	700
94	754
94	770
94	838
95	52
95	152
95	202
95	336
95	386
95	390
95	400
95	911
95	973
95	1000
96	194
96	250
96	296
96	330
96	388
96	406
96	428
96	432
96	480
96	982
97	17
97	186
97	243
97	457
97	595
97	743
97	808
97	866
97	872
97	974
98	149
98	162
98	263
98	324
98	388
98	581
98	679
98	752
98	806
98	887
99	206
99	259
99	328
99	540
99	549
99	631
99	694
99	870
99	897
99	970
100	3
100	83
100	227
100	562
100	573
100	648
100	730
100	842
100	858
100	883
101	131
101	248
101	250
101	368
101	469
101	681
101	706
101	735
101	919
101	921
102	57
102	61
102	156
102	347
102	496
102	642
102	763
102	789
102	812
102	995
103	51
103	61
103	248
103	267
103	308
103	379
103	437
103	470
103	519
103	995
104	40
104	54
104	142
104	520
104	651
104	657
104	865
104	873
104	888
104	976
105	23
105	60
105	174
105	197
105	206
105	266
105	376
105	590
105	645
105	897
106	28
106	181
106	297
106	407
106	528
106	614
106	879
106	883
106	884
106	925
107	180
107	301
107	398
107	421
107	609
107	613
107	705
107	771
107	787
107	839
108	34
108	72
108	290
108	471
108	487
108	507
108	560
108	666
108	760
108	972
109	215
109	333
109	365
109	485
109	524
109	565
109	600
109	738
109	862
109	882
110	200
110	264
110	623
110	624
110	835
110	842
110	846
110	858
110	880
110	905
111	67
111	227
111	547
111	566
111	574
111	687
111	723
111	742
111	824
111	921
112	10
112	237
112	271
112	400
112	510
112	600
112	757
112	819
112	971
112	997
113	150
113	420
113	580
113	657
113	696
113	708
113	772
113	774
113	852
113	975
114	77
114	84
114	160
114	261
114	403
114	511
114	577
114	602
114	790
114	843
115	45
115	50
115	230
115	350
115	352
115	401
115	656
115	669
115	718
115	973
116	5
116	54
116	85
116	164
116	391
116	736
116	766
116	836
116	855
116	888
117	2
117	151
117	165
117	203
117	372
117	562
117	603
117	617
117	638
117	755
118	4
118	41
118	122
118	264
118	416
118	494
118	745
118	859
118	860
118	965
119	139
119	310
119	334
119	442
119	541
119	619
119	749
119	850
119	929
119	994
120	206
120	232
120	292
120	364
120	384
120	420
120	459
120	500
120	516
120	620
121	84
121	187
121	410
121	442
121	458
121	553
121	625
121	745
121	756
121	788
122	48
122	53
122	71
122	118
122	136
122	168
122	191
122	236
122	277
122	307
123	79
123	157
123	326
123	421
123	444
123	698
123	715
123	798
123	861
123	969
124	83
124	154
124	429
124	451
124	589
124	603
124	623
124	625
124	692
124	794
125	187
125	221
125	275
125	285
125	511
125	619
125	777
125	847
125	917
125	931
126	89
126	152
126	249
126	336
126	598
126	714
126	830
126	911
126	917
126	940
127	200
127	344
127	402
127	587
127	588
127	637
127	723
127	752
127	775
127	844
128	88
128	240
128	270
128	342
128	368
128	469
128	592
128	637
128	672
128	970
129	82
129	176
129	203
129	354
129	392
129	422
129	451
129	455
129	502
129	880
130	35
130	135
130	457
130	540
130	590
130	689
130	726
130	744
130	784
130	947
131	19
131	101
131	327
131	480
131	532
131	570
131	626
131	637
131	735
131	986
132	1
132	58
132	190
132	224
132	375
132	485
132	498
132	503
132	564
132	740
133	51
133	216
133	410
133	470
133	478
133	491
133	662
133	675
133	697
133	995
134	30
134	218
134	224
134	264
134	320
134	325
134	461
134	591
134	629
134	648
135	35
135	60
135	130
135	206
135	223
135	323
135	366
135	487
135	633
135	725
136	6
136	122
136	163
136	236
136	283
136	494
136	497
136	514
136	565
136	962
137	54
137	193
137	231
137	255
137	338
137	421
137	444
137	712
137	969
137	983
138	4
138	10
138	20
138	153
138	260
138	300
138	554
138	612
138	781
138	862
139	80
139	119
139	193
139	322
139	403
139	501
139	850
139	863
139	917
139	929
140	87
140	159
140	284
140	345
140	552
140	559
140	838
140	916
140	919
140	933
141	44
141	71
141	236
141	355
141	393
141	497
141	729
141	769
141	962
141	965
142	40
142	91
142	104
142	219
142	504
142	746
142	794
142	855
142	888
142	915
143	70
143	87
143	160
143	396
143	555
143	843
143	863
143	864
143	871
143	952
144	49
144	68
144	205
144	288
144	358
144	434
144	548
144	728
144	793
144	963
145	21
145	302
145	324
145	432
145	554
145	574
145	775
145	826
145	849
145	887
146	74
146	80
146	285
146	523
146	553
146	555
146	784
146	792
146	822
146	994
147	2
147	3
147	170
147	183
147	264
147	431
147	445
147	451
147	573
147	624
148	72
148	301
148	435
148	444
148	464
148	593
148	628
148	779
148	912
148	949
149	98
149	162
149	250
149	291
149	302
149	656
149	764
149	936
149	982
149	993
150	9
150	32
150	113
150	192
150	373
150	512
150	658
150	696
150	703
150	945
151	3
151	117
151	165
151	170
151	226
151	325
151	383
151	392
151	523
151	607
152	95
152	126
152	369
152	419
152	447
152	634
152	866
152	876
152	926
152	940
153	92
153	138
153	241
153	312
153	377
153	485
153	524
153	564
153	796
153	819
154	30
154	65
154	124
154	165
154	200
154	245
154	608
154	655
154	783
154	867
155	235
155	340
155	364
155	544
155	620
155	671
155	750
155	774
155	828
155	889
156	51
156	61
156	102
156	204
156	308
156	342
156	348
156	438
156	566
156	640
157	123
157	184
157	253
157	269
157	290
157	435
157	460
157	639
157	916
157	931
158	43
158	91
158	298
158	371
158	567
158	643
158	836
158	865
158	888
158	924
159	18
159	140
159	291
159	332
159	388
159	488
159	547
159	587
159	614
159	754
160	114
160	143
160	247
160	396
160	635
160	792
160	864
160	871
160	894
160	929
161	41
161	65
161	77
161	287
161	497
161	545
161	650
161	829
161	859
161	900
162	98
162	149
162	291
162	480
162	488
162	626
162	632
162	681
162	981
162	993
163	136
163	504
163	527
163	569
163	576
163	657
163	683
163	727
163	836
163	924
164	5
164	85
164	116
164	182
164	520
164	683
164	736
164	746
164	915
164	965
165	117
165	151
165	154
165	211
165	225
165	455
165	561
165	692
165	782
165	987
166	233
166	335
166	488
166	522
166	592
166	661
166	672
166	684
166	723
166	751
167	310
167	360
167	406
167	509
167	566
167	673
167	686
167	699
167	737
167	933
168	71
168	122
168	279
168	280
168	283
168	693
168	745
168	859
168	891
168	958
169	43
169	44
169	55
169	182
169	219
169	450
169	605
169	683
169	825
169	865
170	83
170	147
170	151
170	210
170	218
170	439
170	455
170	626
170	655
170	783
171	51
171	273
171	519
171	640
171	642
171	662
171	716
171	776
171	800
171	995
172	73
172	338
172	415
172	548
172	550
172	670
172	759
172	817
172	833
172	869
173	253
173	331
173	469
173	547
173	706
173	709
173	739
173	751
173	920
173	979
174	105
174	366
174	466
174	540
174	599
174	617
174	638
174	870
174	904
174	959
175	394
175	477
175	547
175	577
175	606
175	724
175	780
175	792
175	850
175	927
176	129
176	223
176	363
176	376
176	408
176	430
176	457
176	694
176	753
176	959
177	45
177	335
177	495
177	528
177	679
177	685
177	799
177	803
177	879
177	910
178	49
178	199
178	253
178	286
178	293
178	301
178	338
178	479
178	548
178	773
179	46
179	64
179	359
179	382
179	550
179	618
179	656
179	803
179	848
179	938
180	7
180	107
180	290
180	593
180	672
180	677
180	804
180	869
180	937
180	969
181	45
181	106
181	230
181	319
181	359
181	383
181	528
181	550
181	814
181	910
182	5
182	85
182	164
182	169
182	219
182	405
182	450
182	569
182	855
182	983
183	147
183	245
183	378
183	429
183	461
183	523
183	648
183	692
183	783
183	913
184	7
184	72
184	157
184	188
184	404
184	479
184	494
184	680
184	705
184	715
185	587
185	592
185	621
185	626
185	672
185	681
185	699
185	717
185	775
185	844
186	17
186	97
186	249
186	281
186	304
186	480
186	492
186	558
186	634
186	671
187	39
187	42
187	121
187	125
187	305
187	446
187	553
187	781
187	863
187	894
188	16
188	184
188	314
188	443
188	609
188	698
188	771
188	802
188	834
188	861
189	56
189	310
189	344
189	406
189	672
189	737
189	806
189	825
189	970
189	1000
190	24
190	132
190	212
190	271
190	409
190	449
190	473
190	524
190	618
190	819
191	44
191	77
191	122
191	226
191	287
191	336
191	769
191	860
191	886
191	891
192	150
192	329
192	437
192	493
192	496
192	519
192	521
192	697
192	729
192	985
193	73
193	137
193	139
193	286
193	343
193	435
193	649
193	767
193	817
193	932
194	90
194	96
194	198
194	234
194	242
194	506
194	673
194	701
194	706
194	887
195	37
195	285
195	338
195	398
195	414
195	582
195	649
195	666
195	793
195	845
196	7
196	16
196	34
196	412
196	452
196	767
196	793
196	813
196	839
196	904
197	42
197	80
197	105
197	501
197	555
197	577
197	584
197	625
197	792
197	927
198	30
198	194
198	199
198	276
198	383
198	461
198	502
198	589
198	591
198	874
199	3
199	66
199	178
199	198
199	337
199	422
199	455
199	731
199	789
199	880
200	82
200	110
200	127
200	154
200	245
200	397
200	603
200	636
200	646
200	755
201	336
201	343
201	419
201	492
201	513
201	558
201	604
201	644
201	743
201	872
202	52
202	61
202	81
202	95
202	304
202	386
202	667
202	926
202	953
202	973
203	3
203	117
203	129
203	354
203	505
203	648
203	730
203	758
203	792
203	988
204	57
204	61
204	156
204	379
204	382
204	437
204	451
204	675
204	800
204	956
205	144
205	214
205	369
205	385
205	530
205	535
205	583
205	793
205	869
205	934
206	11
206	60
206	99
206	105
206	120
206	135
206	518
206	744
206	870
206	966
207	40
207	219
207	431
207	450
207	490
207	567
207	632
207	683
207	848
207	873
208	34
208	272
208	360
208	582
208	609
208	687
208	787
208	861
208	877
208	937
209	13
209	288
209	444
209	465
209	560
209	563
209	631
209	639
209	839
209	869
210	170
210	276
210	573
210	589
210	655
210	668
210	678
210	731
210	758
210	999
211	165
211	354
211	451
211	502
211	629
211	630
211	774
211	846
211	858
211	892
212	25
212	58
212	190
212	224
212	418
212	424
212	557
212	727
212	732
212	955
213	62
213	249
213	436
213	492
213	531
213	596
213	671
213	695
213	847
213	868
214	87
214	205
214	324
214	368
214	377
214	402
214	499
214	575
214	681
214	998
215	10
215	109
215	300
215	466
215	483
215	498
215	537
215	732
215	819
215	971
216	61
216	133
216	342
216	348
216	399
216	493
216	521
216	675
216	743
216	922
217	38
217	69
217	316
217	583
217	598
217	734
217	802
217	808
217	830
217	914
218	3
218	82
218	134
218	170
218	276
218	372
218	429
218	617
218	874
218	992
219	43
219	142
219	169
219	182
219	207
219	391
219	431
219	569
219	749
219	825
220	27
220	332
220	386
220	506
220	559
220	661
220	754
220	887
220	981
220	982
221	125
221	619
221	635
221	724
221	768
221	780
221	843
221	846
221	894
221	994
222	306
222	371
222	431
222	450
222	504
222	720
222	746
222	810
222	825
222	924
223	135
223	176
223	408
223	501
223	518
223	645
223	660
223	689
223	899
223	935
224	1
224	25
224	132
224	134
224	212
224	267
224	357
224	365
224	441
224	483
225	12
225	165
225	253
225	414
225	487
225	649
225	797
225	804
225	939
225	951
226	151
226	191
226	279
226	326
226	393
226	545
226	613
226	837
226	854
226	906
227	82
227	100
227	111
227	276
227	429
227	561
227	692
227	731
227	755
227	782
228	265
228	329
228	347
228	399
228	437
228	489
228	519
228	604
228	662
228	801
229	333
229	425
229	552
229	564
229	757
229	781
229	795
229	823
229	853
229	942
230	115
230	181
230	407
230	528
230	550
230	653
230	856
230	905
230	919
230	944
231	137
231	369
231	380
231	646
231	760
231	766
231	839
231	885
231	923
231	934
232	32
232	120
232	292
232	362
232	440
232	448
232	509
232	571
232	708
232	895
233	166
233	310
233	381
233	395
233	592
233	686
233	843
233	878
233	933
233	982
234	16
234	87
234	194
234	311
234	581
234	709
234	919
234	920
234	998
234	1000
235	155
235	373
235	484
235	529
235	579
235	704
235	726
235	805
235	898
235	960
236	78
236	122
236	136
236	141
236	254
236	277
236	279
236	769
236	804
236	837
237	48
237	112
237	267
237	409
237	507
237	552
237	612
237	853
237	971
237	974
238	74
238	275
238	305
238	353
238	635
238	643
238	751
238	784
238	881
238	952
239	60
239	262
239	269
239	601
239	715
239	761
239	923
239	949
239	951
239	972
240	94
240	128
240	381
240	406
240	456
240	467
240	522
240	586
240	673
240	684
241	75
241	153
241	357
241	473
241	510
241	524
241	556
241	616
241	732
241	971
242	19
242	194
242	331
242	548
242	647
242	661
242	717
242	742
242	764
242	919
243	17
243	81
243	97
243	249
243	426
243	543
243	598
243	637
243	830
243	907
244	25
244	41
244	48
244	92
244	507
244	554
244	557
244	612
244	819
244	882
245	59
245	154
245	183
245	200
245	429
245	523
245	589
245	796
245	835
245	988
246	36
246	280
246	340
246	411
246	529
246	616
246	658
246	704
246	889
246	945
247	21
247	94
247	160
247	278
247	296
247	506
247	637
247	672
247	687
247	946
248	101
248	103
248	348
248	489
248	521
248	662
248	776
248	800
248	812
248	956
249	126
249	186
249	213
249	243
249	419
249	594
249	595
249	644
249	742
249	875
250	21
250	33
250	96
250	101
250	149
250	263
250	372
250	592
250	751
250	946
251	53
251	282
251	420
251	545
251	565
251	650
251	906
251	958
251	962
251	965
252	1
252	66
252	392
252	439
252	445
252	591
252	617
252	655
252	892
252	913
253	157
253	173
253	178
253	225
253	385
253	582
253	583
253	766
253	939
253	951
254	9
254	29
254	44
254	53
254	236
254	283
254	355
254	416
254	854
254	909
255	15
255	30
255	137
255	290
255	356
255	433
255	444
255	827
255	833
255	845
256	51
256	342
256	379
256	438
256	491
256	578
256	642
256	715
256	763
256	801
257	23
257	358
257	453
257	590
257	631
257	642
257	660
257	678
257	753
257	904
258	54
258	91
258	450
258	567
258	720
258	727
258	825
258	855
258	903
258	948
259	23
259	47
259	64
259	99
259	540
259	678
259	744
259	899
259	904
259	966
260	75
260	138
260	267
260	312
260	357
260	498
260	616
260	781
260	823
260	906
261	18
261	31
261	114
261	477
261	488
261	501
261	777
261	788
261	989
261	994
262	239
262	388
262	421
262	487
262	582
262	627
262	937
262	968
262	972
262	978
263	56
263	98
263	250
263	278
263	284
263	351
263	559
263	975
263	982
263	993
264	82
264	110
264	118
264	134
264	147
264	624
264	630
264	690
264	765
264	988
265	228
265	337
265	382
265	399
265	496
265	519
265	640
265	812
265	922
265	995
266	105
266	363
266	429
266	518
266	549
266	631
266	638
266	930
266	947
266	959
267	103
267	224
267	237
267	260
267	357
267	485
267	503
267	738
267	807
267	853
268	8
268	352
268	468
268	610
268	718
268	778
268	814
268	905
268	908
268	934
269	34
269	62
269	93
269	157
269	239
269	601
269	609
269	676
269	677
269	834
270	33
270	56
270	128
270	331
270	388
270	450
270	482
270	525
270	566
270	681
271	75
271	112
271	190
271	357
271	425
271	473
271	485
271	772
271	807
271	977
272	13
272	15
272	208
272	302
272	360
272	533
272	627
272	670
272	691
272	968
273	171
273	329
273	379
273	489
273	578
273	675
273	697
273	776
273	898
273	995
274	41
274	78
274	277
274	459
274	494
274	652
274	745
274	906
274	909
274	962
275	80
275	125
275	238
275	334
275	394
275	458
275	602
275	643
275	756
275	976
276	2
276	63
276	198
276	210
276	218
276	227
276	320
276	523
276	630
276	901
277	78
277	122
277	236
277	274
277	282
277	326
277	339
277	370
277	497
277	886
278	21
278	247
278	263
278	313
278	482
278	522
278	574
278	637
278	942
278	949
279	29
279	168
279	226
279	236
279	339
279	452
279	693
279	860
279	886
279	901
280	168
280	246
280	364
280	411
280	472
280	579
280	898
280	941
280	960
280	991
281	186
281	463
281	595
281	667
281	714
281	820
281	872
281	893
281	896
281	974
282	4
282	6
282	71
282	251
282	277
282	326
282	364
282	514
282	652
282	837
283	4
283	6
283	77
283	136
283	168
283	254
283	809
283	837
283	896
283	909
284	140
284	263
284	294
284	480
284	739
284	770
284	775
284	878
284	915
284	970
285	42
285	70
285	125
285	146
285	195
285	511
285	602
285	651
285	847
285	927
286	72
286	178
286	193
286	290
286	380
286	594
286	677
286	761
286	923
286	932
287	65
287	161
287	191
287	307
287	652
287	753
287	886
287	901
287	906
287	984
288	37
288	73
288	144
288	209
288	627
288	725
288	773
288	811
288	877
288	968
289	362
289	384
289	420
289	459
289	500
289	544
289	639
289	805
289	841
289	889
290	108
290	157
290	180
290	255
290	286
290	804
290	834
290	864
290	877
290	931
291	149
291	159
291	162
291	313
291	482
291	551
291	681
291	709
291	963
291	993
292	120
292	232
292	440
292	454
292	474
292	713
292	750
292	852
292	927
292	992
293	16
293	178
293	314
293	354
293	356
293	360
293	560
293	563
293	861
293	964
294	21
294	284
294	302
294	345
294	614
294	806
294	833
294	849
294	942
294	993
295	22
295	39
295	42
295	410
295	417
295	458
295	553
295	724
295	831
295	871
296	96
296	247
296	331
296	389
296	406
296	456
296	742
296	838
296	857
296	993
297	106
297	331
297	335
297	359
297	615
297	747
297	791
297	814
297	908
297	928
298	40
298	85
298	158
298	391
298	405
298	450
298	504
298	605
298	676
298	888
299	13
299	81
299	304
299	400
299	436
299	543
299	595
299	598
299	659
299	734
300	14
300	75
300	138
300	215
300	503
300	507
300	537
300	738
300	872
300	950
301	7
301	74
301	107
301	148
301	178
301	414
301	434
301	622
301	949
301	983
302	145
302	149
302	272
302	294
302	345
302	482
302	637
302	706
302	919
302	998
303	531
303	594
303	595
303	598
303	710
303	722
303	734
303	808
303	876
303	953
304	186
304	202
304	299
304	539
304	558
304	594
304	702
304	768
304	907
304	953
305	187
305	238
305	541
305	553
305	584
305	740
305	821
305	864
305	894
305	952
306	5
306	40
306	222
306	520
306	527
306	589
306	632
306	736
306	865
306	976
307	122
307	287
307	339
307	674
307	837
307	859
307	886
307	958
307	967
307	991
308	57
308	103
308	156
308	470
308	572
308	640
308	729
308	738
308	776
308	990
309	15
309	56
309	327
309	330
309	586
309	647
309	752
309	824
309	890
309	982
310	119
310	167
310	189
310	233
310	351
310	432
310	566
310	699
310	844
310	887
311	21
311	90
311	94
311	234
311	443
311	506
311	542
311	699
311	920
311	981
312	48
312	92
312	153
312	260
312	485
312	533
312	554
312	557
312	600
312	807
313	90
313	278
313	291
313	321
313	482
313	532
313	687
313	706
313	717
313	916
314	188
314	293
314	415
314	460
314	627
314	666
314	698
314	779
314	900
314	950
315	20
315	321
315	333
315	418
315	441
315	498
315	616
315	732
315	780
315	807
316	52
316	217
316	336
316	521
316	543
316	644
316	659
316	682
316	722
316	974
317	386
317	467
317	513
317	714
317	722
317	808
317	875
317	879
317	896
317	973
318	401
318	508
318	518
318	610
318	741
318	786
318	799
318	810
318	925
318	938
319	28
319	181
319	468
319	568
319	610
319	653
319	656
319	786
319	817
319	905
320	134
320	276
320	383
320	589
320	608
320	623
320	630
320	690
320	748
320	858
321	75
321	313
321	315
321	374
321	424
321	473
321	503
321	616
321	807
321	823
322	80
322	139
322	643
322	724
322	749
322	768
322	863
322	864
322	940
322	952
323	86
323	135
323	413
323	428
323	444
323	453
323	462
323	466
323	725
323	904
324	33
324	87
324	98
324	145
324	214
324	515
324	525
324	586
324	706
324	849
325	63
325	134
325	151
325	354
325	422
325	461
325	561
325	567
325	668
325	758
326	77
326	123
326	226
326	277
326	282
326	355
326	565
326	716
326	958
326	984
327	131
327	309
327	388
327	395
327	469
327	525
327	626
327	755
327	826
327	942
328	35
328	99
328	358
328	413
328	684
328	689
328	694
328	899
328	947
328	959
329	192
329	228
329	273
329	348
329	491
329	572
329	729
329	800
329	868
329	995
330	96
330	309
330	345
330	509
330	542
330	575
330	735
330	824
330	828
330	921
331	173
331	242
331	270
331	296
331	297
331	345
331	377
331	739
331	851
331	921
332	33
332	159
332	220
332	551
332	588
332	614
332	688
332	735
332	737
332	981
333	109
333	229
333	315
333	365
333	425
333	557
333	616
333	663
333	853
333	997
334	119
334	275
334	477
334	511
334	584
334	585
334	654
334	724
334	749
334	902
335	166
335	177
335	297
335	370
335	407
335	641
335	685
335	707
335	786
335	814
336	95
336	126
336	191
336	201
336	316
336	467
336	476
336	595
336	830
336	866
337	82
337	199
337	265
337	397
337	451
337	608
337	663
337	692
337	880
337	892
338	13
338	137
338	172
338	178
338	195
338	464
338	704
338	759
338	760
338	912
339	71
339	277
339	279
339	307
339	664
339	674
339	693
339	716
339	769
339	809
340	155
340	246
340	364
340	411
340	484
340	688
340	818
340	852
340	932
340	975
341	11
341	358
341	366
341	428
341	599
341	633
341	726
341	744
341	857
341	904
342	57
342	61
342	128
342	156
342	216
342	256
342	640
342	697
342	812
342	956
343	193
343	201
343	517
343	556
343	666
343	677
343	721
343	804
343	900
343	939
344	88
344	127
344	189
344	351
344	406
344	709
344	742
344	826
344	832
344	981
345	140
345	294
345	302
345	330
345	331
345	456
345	795
345	844
345	916
345	942
346	11
346	23
346	60
346	358
346	428
346	560
346	645
346	660
346	726
346	930
347	102
347	228
347	348
347	351
347	399
347	493
347	521
347	763
347	776
347	985
348	156
348	216
348	248
348	329
348	347
348	437
348	493
348	642
348	675
348	877
349	370
349	387
349	528
349	568
349	573
349	610
349	669
349	747
349	928
349	944
350	115
350	359
350	401
350	610
350	741
350	748
350	803
350	814
350	837
350	943
351	19
351	87
351	263
351	310
351	344
351	347
351	381
351	547
351	742
351	986
352	28
352	46
352	115
352	268
352	465
352	814
352	816
352	856
352	884
352	908
353	70
353	238
353	396
353	410
353	484
353	553
353	700
353	788
353	850
353	902
354	129
354	203
354	211
354	293
354	325
354	502
354	589
354	636
354	668
354	789
355	53
355	141
355	254
355	326
355	409
355	416
355	716
355	854
355	901
355	962
356	255
356	293
356	380
356	415
356	535
356	767
356	771
356	773
356	787
356	926
357	12
357	24
357	224
357	241
357	260
357	267
357	271
357	612
357	862
357	955
358	60
358	144
358	257
358	328
358	341
358	346
358	633
358	689
358	897
358	930
359	46
359	51
359	179
359	181
359	297
359	350
359	546
359	685
359	928
359	943
360	68
360	167
360	208
360	272
360	293
360	759
360	798
360	827
360	833
360	996
361	9
361	367
361	411
361	500
361	529
361	620
361	658
361	688
361	704
361	785
362	232
362	289
362	411
362	658
362	704
362	750
362	772
362	818
362	878
362	975
363	21
363	176
363	266
363	466
363	540
363	549
363	631
363	660
363	897
363	899
364	9
364	120
364	155
364	280
364	282
364	340
364	440
364	484
364	711
364	992
365	14
365	25
365	109
365	224
365	333
365	418
365	441
365	740
365	795
365	935
366	135
366	174
366	341
366	376
366	413
366	678
366	689
366	694
366	870
366	988
367	81
367	361
367	426
367	596
367	644
367	659
367	682
367	896
367	911
367	974
368	101
368	128
368	214
368	381
368	488
368	614
368	717
368	878
368	887
368	984
369	152
369	205
369	231
369	464
369	583
369	712
369	813
369	845
369	972
369	983
370	50
370	277
370	335
370	349
370	407
370	423
370	685
370	747
370	810
370	925
371	5
371	55
371	158
371	222
371	391
371	405
371	634
371	727
371	915
371	924
372	66
372	117
372	218
372	250
372	383
372	445
372	451
372	607
372	731
372	835
373	150
373	235
373	448
373	500
373	557
373	710
373	805
373	818
373	991
373	992
374	20
374	24
374	321
374	425
374	557
374	644
374	795
374	819
374	862
374	997
375	79
375	132
375	487
375	530
375	533
375	535
375	601
375	680
375	767
375	798
376	35
376	105
376	176
376	366
376	413
376	457
376	462
376	466
376	631
376	665
377	67
377	88
377	153
377	214
377	331
377	488
377	673
377	737
377	857
377	979
378	9
378	183
378	474
378	571
378	580
378	708
378	710
378	785
378	805
378	828
379	103
379	204
379	256
379	273
379	382
379	491
379	675
379	729
379	812
379	959
380	68
380	78
380	231
380	286
380	356
380	560
380	665
380	712
380	931
380	951
381	90
381	233
381	240
381	351
381	368
381	405
381	417
381	499
381	532
381	946
382	179
382	204
382	265
382	379
382	470
382	489
382	493
382	496
382	572
382	763
383	151
383	181
383	198
383	320
383	372
383	439
383	502
383	505
383	617
383	765
384	120
384	289
384	471
384	538
384	571
384	580
384	688
384	708
384	975
384	991
385	205
385	253
385	583
385	649
385	680
385	746
385	759
385	773
385	815
385	978
386	26
386	52
386	89
386	95
386	202
386	220
386	317
386	513
386	634
386	734
387	8
387	59
387	349
387	468
387	656
387	707
387	741
387	814
387	928
387	954
388	96
388	98
388	159
388	262
388	270
388	327
388	456
388	824
388	916
388	979
389	89
389	296
389	419
389	486
389	513
389	634
389	722
389	734
389	743
389	953
390	26
390	95
390	476
390	531
390	604
390	682
390	832
390	868
390	875
390	922
391	5
391	55
391	85
391	116
391	219
391	298
391	371
391	736
391	836
391	910
392	129
392	151
392	252
392	455
392	629
392	646
392	789
392	842
392	874
392	885
393	6
393	44
393	93
393	141
393	226
393	545
393	733
393	769
393	829
393	854
394	175
394	275
394	477
394	501
394	553
394	625
394	696
394	724
394	784
394	902
395	52
395	233
395	327
395	469
395	499
395	525
395	735
395	838
395	970
395	998
396	143
396	160
396	353
396	424
396	477
396	501
396	585
396	602
396	756
396	894
397	200
397	337
397	429
397	439
397	505
397	629
397	783
397	789
397	846
397	969
398	16
398	107
398	195
398	434
398	533
398	593
398	728
398	761
398	885
398	899
399	216
399	228
399	265
399	347
399	437
399	470
399	496
399	812
399	955
399	985
400	89
400	95
400	112
400	299
400	447
400	476
400	596
400	911
400	953
400	973
401	115
401	318
401	350
401	610
401	816
401	856
401	881
401	883
401	925
401	938
402	90
402	127
402	214
402	432
402	525
402	586
402	661
402	816
402	979
402	986
403	31
403	70
403	114
403	139
403	532
403	749
403	864
403	902
403	917
403	989
404	37
404	184
404	419
404	563
404	677
404	779
404	931
404	937
404	964
404	983
405	182
405	298
405	371
405	381
405	475
405	490
405	495
405	746
405	855
405	915
406	96
406	167
406	189
406	240
406	296
406	344
406	580
406	588
406	686
406	719
407	50
407	106
407	230
407	335
407	370
407	603
407	664
407	741
407	786
407	791
408	86
408	176
408	223
408	645
408	689
408	750
408	753
408	870
408	947
408	959
409	92
409	190
409	237
409	355
409	424
409	524
409	552
409	654
409	795
409	853
410	121
410	133
410	295
410	353
410	446
410	541
410	602
410	780
410	843
410	881
411	246
411	280
411	340
411	361
411	362
411	481
411	529
411	688
411	713
411	941
412	15
412	196
412	556
412	611
412	622
412	759
412	762
412	824
412	900
412	978
413	23
413	86
413	323
413	328
413	366
413	376
413	525
413	678
413	726
413	966
414	195
414	225
414	301
414	415
414	479
414	676
414	677
414	815
414	852
414	885
415	25
415	72
415	172
415	314
415	356
415	414
415	452
415	535
415	556
415	761
416	118
416	254
416	355
416	545
416	565
416	571
416	693
416	745
416	901
416	984
417	19
417	56
417	67
417	295
417	381
417	506
417	509
417	673
417	936
417	1000
418	212
418	315
418	365
418	449
418	601
418	654
418	795
418	807
418	853
418	977
419	76
419	152
419	201
419	249
419	389
419	404
419	447
419	476
419	734
419	875
420	113
420	120
420	251
420	289
420	448
420	711
420	750
420	774
420	818
420	841
421	107
421	123
421	137
421	262
421	443
421	601
421	622
421	817
421	925
421	964
422	83
422	129
422	199
422	325
422	445
422	573
422	607
422	655
422	858
422	972
423	64
423	370
423	468
423	720
423	747
423	778
423	908
423	938
423	954
423	957
424	1
424	20
424	75
424	212
424	321
424	396
424	409
424	740
424	757
424	977
425	58
425	229
425	271
425	333
425	374
425	754
425	823
425	882
425	971
425	977
426	243
426	367
426	539
426	597
426	695
426	868
426	886
426	893
426	918
426	926
427	30
427	445
427	636
427	668
427	755
427	794
427	834
427	874
427	987
427	999
428	86
428	96
428	323
428	341
428	346
428	430
428	590
428	660
428	904
428	947
429	124
429	183
429	218
429	227
429	245
429	266
429	397
429	608
429	623
429	636
430	35
430	55
430	176
430	428
430	453
430	457
430	462
430	660
430	725
430	966
431	5
431	147
431	207
431	219
431	222
431	495
431	569
431	657
431	825
431	903
432	72
432	96
432	145
432	310
432	402
432	588
432	699
432	751
432	936
432	979
433	58
433	93
433	255
433	515
433	556
433	601
433	649
433	676
433	937
433	972
434	144
434	301
434	398
434	534
434	611
434	666
434	715
434	741
434	840
434	869
435	148
435	157
435	193
435	515
435	534
435	611
435	621
435	680
435	836
435	969
436	69
436	213
436	299
436	467
436	486
436	670
436	695
436	808
436	832
436	914
437	103
437	192
437	204
437	228
437	348
437	399
437	521
437	662
437	977
437	990
438	57
438	61
438	156
438	256
438	496
438	635
438	763
438	800
438	956
438	990
439	66
439	170
439	252
439	383
439	397
439	451
439	596
439	617
439	624
439	846
440	36
440	232
440	292
440	364
440	538
440	544
440	712
440	852
440	898
440	941
441	224
441	315
441	365
441	485
441	537
441	757
441	781
441	796
441	939
441	971
442	18
442	119
442	121
442	446
442	541
442	585
442	602
442	651
442	790
442	884
443	7
443	188
443	311
443	421
443	479
443	563
443	759
443	833
443	869
443	912
444	123
444	137
444	148
444	209
444	255
444	323
444	460
444	912
444	972
444	978
445	66
445	147
445	252
445	372
445	422
445	427
445	455
445	630
445	646
445	647
446	187
446	410
446	442
446	489
446	585
446	606
446	700
446	768
446	843
446	989
447	26
447	152
447	400
447	419
447	539
447	597
447	636
447	832
447	876
447	940
448	232
448	373
448	420
448	484
448	579
448	628
448	703
448	713
448	752
448	960
449	14
449	190
449	418
449	498
449	510
449	640
449	732
449	757
449	862
449	882
450	91
450	169
450	182
450	207
450	222
450	258
450	270
450	298
450	490
450	727
451	124
451	129
451	147
451	204
451	211
451	337
451	372
451	439
451	636
451	789
452	13
452	196
452	279
452	415
452	665
452	691
452	815
452	869
452	900
452	972
453	35
453	257
453	323
453	430
453	499
453	540
453	549
453	590
453	930
453	935
454	292
454	459
454	474
454	544
454	620
454	688
454	696
454	774
454	805
454	830
455	129
455	165
455	170
455	199
455	392
455	445
455	603
455	987
455	996
455	999
456	17
456	240
456	296
456	345
456	388
456	551
456	647
456	857
456	936
456	946
457	60
457	97
457	130
457	176
457	376
457	430
457	466
457	518
457	899
457	959
458	22
458	121
458	275
458	295
458	477
458	483
458	501
458	511
458	541
458	864
459	120
459	274
459	289
459	454
459	536
459	579
459	713
459	828
459	841
459	941
460	157
460	314
460	444
460	481
460	728
460	762
460	812
460	949
460	963
460	964
461	30
461	63
461	134
461	183
461	198
461	325
461	512
461	668
461	794
461	892
462	11
462	323
462	376
462	430
462	518
462	595
462	633
462	897
462	930
462	935
463	67
463	281
463	476
463	595
463	722
463	832
463	893
463	926
463	940
463	973
464	148
464	338
464	369
464	609
464	629
464	705
464	721
464	762
464	834
464	996
465	68
465	209
465	352
465	530
465	609
465	670
465	676
465	900
465	932
465	937
466	174
466	215
466	323
466	363
466	376
466	457
466	599
466	870
466	930
466	947
467	17
467	240
467	317
467	336
467	436
467	543
467	644
467	667
467	832
467	974
468	268
468	319
468	387
468	423
468	610
468	669
468	778
468	905
468	980
468	982
469	27
469	101
469	128
469	173
469	327
469	395
469	499
469	818
469	890
469	946
470	103
470	133
470	308
470	382
470	399
470	489
470	691
470	763
470	800
470	985
471	93
471	108
471	384
471	481
471	534
471	715
471	771
471	787
471	815
471	939
472	36
472	280
472	516
472	529
472	580
472	620
472	696
472	708
472	787
472	941
473	1
473	190
473	241
473	271
473	321
473	557
473	598
473	732
473	950
473	977
474	292
474	378
474	454
474	536
474	620
474	708
474	785
474	852
474	894
474	975
475	54
475	91
475	405
475	527
475	657
475	720
475	744
475	855
475	924
475	976
476	336
476	390
476	400
476	419
476	463
476	492
476	558
476	596
476	890
476	896
477	85
477	175
477	261
477	334
477	394
477	396
477	458
477	625
477	700
477	821
478	133
478	493
478	572
478	578
478	642
478	645
478	697
478	801
478	922
478	995
479	49
479	178
479	184
479	414
479	443
479	609
479	733
479	815
479	877
479	923
480	96
480	131
480	162
480	186
480	284
480	532
480	575
480	754
480	844
480	970
481	72
481	411
481	460
481	471
481	517
481	728
481	779
481	877
481	963
481	983
482	19
482	270
482	278
482	291
482	302
482	313
482	569
482	681
482	739
482	826
483	92
483	215
483	224
483	458
483	507
483	732
483	740
483	819
483	823
483	950
484	235
484	340
484	353
484	364
484	448
484	512
484	628
484	841
484	889
484	895
485	24
485	109
485	132
485	153
485	267
485	271
485	312
485	441
485	504
485	971
486	389
486	436
486	531
486	604
486	743
486	802
486	866
486	918
486	926
486	936
487	16
487	108
487	135
487	225
487	262
487	375
487	533
487	582
487	691
487	728
488	159
488	162
488	166
488	261
488	368
488	377
488	661
488	719
488	737
488	857
489	61
489	228
489	248
489	273
489	382
489	446
489	470
489	493
489	496
489	763
490	43
490	54
490	85
490	207
490	405
490	450
490	569
490	649
490	825
490	873
491	133
491	256
491	329
491	379
491	496
491	578
491	763
491	801
491	930
491	990
492	38
492	46
492	89
492	186
492	201
492	213
492	476
492	604
492	722
492	911
493	51
493	68
493	192
493	216
493	347
493	348
493	382
493	478
493	489
493	729
494	77
494	118
494	136
494	184
494	274
494	674
494	809
494	860
494	906
494	967
495	43
495	85
495	177
495	405
495	431
495	746
495	873
495	915
495	924
495	976
496	102
496	192
496	265
496	382
496	399
496	438
496	489
496	491
496	521
496	558
497	136
497	141
497	161
497	277
497	641
497	674
497	769
497	809
497	901
497	909
498	132
498	215
498	260
498	315
498	449
498	554
498	600
498	738
498	807
498	998
499	214
499	381
499	395
499	453
499	469
499	709
499	719
499	933
499	982
499	1000
500	36
500	120
500	289
500	361
500	373
500	529
500	628
500	774
500	800
500	818
501	39
501	139
501	197
501	223
501	261
501	394
501	396
501	458
501	700
501	847
502	129
502	198
502	211
502	354
502	383
502	668
502	791
502	794
502	820
502	867
503	48
503	132
503	267
503	300
503	321
503	564
503	781
503	950
503	953
503	955
504	54
504	55
504	89
504	142
504	163
504	222
504	298
504	485
504	683
504	855
505	66
505	203
505	383
505	397
505	523
505	589
505	607
505	623
505	846
505	854
506	56
506	194
506	220
506	247
506	311
506	417
506	532
506	851
506	853
506	942
507	10
507	20
507	48
507	108
507	237
507	244
507	300
507	483
507	552
507	654
508	50
508	318
508	669
508	718
508	786
508	848
508	883
508	884
508	925
508	956
509	21
509	67
509	88
509	167
509	232
509	330
509	417
509	532
509	684
509	687
510	20
510	58
510	75
510	112
510	241
510	449
510	552
510	591
510	795
510	977
511	114
511	125
511	285
511	334
511	458
511	555
511	798
511	843
511	952
511	989
512	36
512	150
512	461
512	484
512	710
512	785
512	828
512	841
512	889
512	941
513	88
513	201
513	317
513	386
513	389
513	558
513	604
513	659
513	695
513	866
514	6
514	136
514	282
514	613
514	674
514	693
514	757
514	854
514	859
514	962
515	73
515	324
515	433
515	435
515	582
515	611
515	698
515	712
515	773
515	827
516	32
516	120
516	472
516	529
516	721
516	805
516	818
516	828
516	852
516	941
517	37
517	343
517	481
517	534
517	537
517	583
517	665
517	787
517	912
517	969
518	47
518	206
518	223
518	266
518	318
518	457
518	462
518	599
518	638
518	899
519	57
519	103
519	171
519	192
519	228
519	265
519	675
519	709
519	763
519	922
520	104
520	164
520	306
520	527
520	535
520	567
520	683
520	746
520	888
520	903
521	192
521	216
521	248
521	316
521	347
521	437
521	496
521	578
521	640
521	642
522	19
522	67
522	88
522	166
522	240
522	278
522	547
522	588
522	682
522	979
523	63
523	146
523	151
523	183
523	245
523	276
523	505
523	591
523	783
523	789
524	24
524	109
524	153
524	190
524	241
524	409
524	654
524	796
524	849
524	955
525	27
525	270
525	324
525	327
525	395
525	402
525	413
525	647
525	887
525	936
526	568
526	641
526	656
526	664
526	669
526	675
526	707
526	748
526	938
526	943
527	54
527	163
527	306
527	475
527	520
527	576
527	605
527	622
527	632
527	736
528	106
528	177
528	181
528	230
528	349
528	546
528	600
528	679
528	747
528	910
529	235
529	246
529	361
529	411
529	472
529	500
529	516
529	713
529	860
529	960
530	5
530	205
530	375
530	465
530	627
530	691
530	767
530	834
530	932
530	996
531	213
531	303
531	390
531	486
531	644
531	659
531	775
531	875
531	907
531	953
532	131
532	313
532	381
532	403
532	480
532	506
532	509
532	706
532	920
532	921
533	15
533	272
533	312
533	375
533	398
533	487
533	582
533	798
533	811
533	934
534	434
534	435
534	471
534	517
534	551
534	827
534	834
534	939
534	949
534	963
535	68
535	205
535	356
535	375
535	415
535	520
535	622
535	761
535	813
535	833
536	32
536	459
536	474
536	571
536	580
536	619
536	703
536	711
536	772
536	852
537	10
537	215
537	300
537	441
537	517
537	616
537	740
537	862
537	955
537	977
538	32
538	384
538	440
538	544
538	772
538	774
538	790
538	975
538	991
538	992
539	26
539	62
539	304
539	426
539	447
539	604
539	693
539	714
539	896
539	926
540	11
540	47
540	99
540	130
540	174
540	259
540	363
540	453
540	544
540	638
541	42
541	84
541	119
541	305
541	410
541	442
541	458
541	651
541	784
541	967
542	33
542	69
542	311
542	330
542	574
542	581
542	661
542	684
542	687
542	878
543	62
543	243
543	299
543	316
543	467
543	598
543	644
543	671
543	862
543	896
544	32
544	155
544	289
544	440
544	454
544	538
544	540
544	658
544	895
544	945
545	4
545	65
545	161
545	226
545	251
545	393
545	416
545	593
545	829
545	901
546	359
546	528
546	615
546	681
546	718
546	741
546	799
546	803
546	905
546	957
547	90
547	111
547	159
547	173
547	175
547	351
547	522
547	614
547	824
547	920
548	37
548	144
548	172
548	178
548	242
548	798
548	804
548	811
548	815
548	932
549	11
549	23
549	86
549	99
549	266
549	363
549	453
549	694
549	935
549	951
550	172
550	179
550	181
550	230
550	610
550	741
550	748
550	856
550	883
550	957
551	87
551	291
551	332
551	456
551	534
551	706
551	739
551	742
551	890
551	936
552	140
552	229
552	237
552	409
552	507
552	510
552	654
552	853
552	955
552	971
553	39
553	121
553	146
553	187
553	295
553	305
553	353
553	394
553	780
553	801
554	1
554	10
554	24
554	48
554	138
554	145
554	244
554	312
554	498
554	781
555	22
555	143
555	146
555	197
555	511
555	562
555	700
555	847
555	871
555	948
556	73
556	241
556	343
556	412
556	415
556	433
556	677
556	798
556	811
556	833
557	212
557	244
557	312
557	333
557	373
557	374
557	473
557	781
557	819
557	882
558	81
558	186
558	201
558	304
558	476
558	496
558	513
558	714
558	911
558	974
559	27
559	87
559	140
559	220
559	263
559	585
559	587
559	684
559	824
559	986
560	108
560	209
560	293
560	346
560	380
560	611
560	815
560	827
560	968
560	996
561	165
561	227
561	325
561	573
561	629
561	636
561	730
561	842
561	941
561	999
562	2
562	100
562	117
562	555
562	573
562	629
562	690
562	755
562	782
562	858
563	209
563	293
563	404
563	443
563	762
563	776
563	833
563	834
563	845
563	934
564	132
564	153
564	229
564	503
564	600
564	612
564	738
564	740
564	954
564	997
565	41
565	77
565	109
565	136
565	251
565	326
565	416
565	716
565	906
565	965
566	111
566	156
566	167
566	270
566	310
566	587
566	686
566	857
566	920
566	933
567	158
567	207
567	258
567	325
567	520
567	605
567	720
567	736
567	836
567	915
568	43
568	64
568	319
568	349
568	526
568	641
568	786
568	884
568	928
568	938
569	163
569	182
569	219
569	431
569	482
569	490
569	576
569	632
569	836
569	865
570	74
570	131
570	606
570	643
570	756
570	768
570	777
570	790
570	843
570	948
571	232
571	378
571	384
571	416
571	536
571	579
571	628
571	785
571	805
571	818
572	308
572	329
572	382
572	478
572	578
572	642
572	776
572	782
572	956
572	985
573	59
573	100
573	147
573	210
573	349
573	422
573	561
573	562
573	663
573	846
574	111
574	145
574	278
574	542
574	647
574	717
574	806
574	944
574	946
574	961
575	81
575	94
575	214
575	330
575	480
575	687
575	739
575	742
575	752
575	933
576	91
576	163
576	527
576	569
576	657
576	720
576	724
576	865
576	873
576	903
577	80
577	114
577	175
577	197
577	619
577	790
577	793
577	821
577	843
577	929
578	256
578	273
578	478
578	491
578	521
578	572
578	640
578	908
578	922
578	985
579	36
579	235
579	280
579	448
579	459
579	571
579	765
579	841
579	895
579	992
580	113
580	378
580	384
580	406
580	472
580	536
580	708
580	711
580	785
580	895
581	94
581	98
581	234
581	542
581	687
581	701
581	718
581	737
581	739
581	838
582	195
582	208
582	253
582	262
582	487
582	515
582	533
582	760
582	767
582	981
583	205
583	217
583	253
583	369
583	385
583	517
583	676
583	827
583	877
583	978
584	18
584	39
584	197
584	305
584	334
584	609
584	777
584	831
584	929
584	989
585	39
585	84
585	334
585	396
585	442
585	446
585	559
585	780
585	784
585	843
586	76
586	240
586	309
586	324
586	402
586	661
586	706
586	824
586	844
586	942
587	127
587	159
587	185
587	559
587	566
587	588
587	614
587	890
587	914
587	942
588	127
588	332
588	406
588	432
588	522
588	587
588	647
588	719
588	723
588	736
589	124
589	198
589	210
589	245
589	306
589	320
589	354
589	505
589	913
589	987
590	105
590	130
590	257
590	428
590	453
590	599
590	633
590	689
590	744
590	779
591	59
591	82
591	134
591	198
591	252
591	510
591	523
591	603
591	794
591	867
592	128
592	166
592	185
592	233
592	250
592	614
592	701
592	805
592	844
592	857
593	49
593	79
593	148
593	180
593	398
593	545
593	793
593	817
593	845
593	937
594	62
594	249
594	286
594	303
594	304
594	634
594	667
594	671
594	868
594	893
595	97
595	249
595	281
595	299
595	303
595	336
595	462
595	463
595	896
595	973
596	213
596	367
596	400
596	439
596	476
596	634
596	644
596	702
596	714
596	911
597	426
597	447
597	634
597	659
597	714
597	717
597	722
597	734
597	866
597	876
598	52
598	62
598	126
598	217
598	243
598	299
598	303
598	473
598	543
598	876
599	47
599	174
599	341
599	466
599	518
599	590
599	694
599	725
599	799
599	947
600	14
600	109
600	112
600	312
600	498
600	528
600	564
600	616
600	757
600	950
601	7
601	239
601	269
601	375
601	418
601	421
601	433
601	797
601	968
601	996
602	42
602	73
602	114
602	275
602	285
602	396
602	410
602	442
602	777
602	821
603	117
603	124
603	200
603	407
603	455
603	591
603	663
603	842
603	880
603	999
604	201
604	228
604	390
604	486
604	492
604	513
604	539
604	832
604	893
604	914
605	26
605	91
605	169
605	298
605	527
605	567
605	720
605	746
605	873
605	976
606	31
606	42
606	175
606	446
606	570
606	724
606	777
606	784
606	859
606	902
607	83
607	151
607	372
607	422
607	505
607	648
607	765
607	783
607	875
607	999
608	2
608	30
608	59
608	154
608	320
608	337
608	429
608	732
608	758
608	988
609	107
609	188
609	208
609	269
609	464
609	465
609	479
609	584
609	766
609	964
610	49
610	268
610	318
610	319
610	349
610	350
610	401
610	468
610	550
610	679
611	412
611	434
611	435
611	515
611	560
611	666
611	845
611	885
611	937
611	957
612	138
612	237
612	244
612	357
612	564
612	703
612	738
612	757
612	807
612	882
613	4
613	29
613	71
613	107
613	226
613	514
613	652
613	891
613	962
613	984
614	106
614	159
614	294
614	332
614	368
614	547
614	587
614	592
614	851
614	878
615	297
615	546
615	618
615	641
615	669
615	674
615	679
615	718
615	747
615	925
616	241
616	246
616	260
616	315
616	321
616	333
616	537
616	600
616	732
616	997
617	66
617	117
617	174
617	218
617	252
617	383
617	439
617	755
617	782
617	987
618	179
618	190
618	615
618	641
618	664
618	707
618	747
618	748
618	884
618	910
619	18
619	119
619	125
619	221
619	536
619	577
619	635
619	881
619	902
619	994
620	120
620	155
620	361
620	454
620	472
620	474
620	628
620	703
620	704
620	888
621	15
621	72
621	185
621	435
621	691
621	715
621	759
621	840
621	861
621	969
622	72
622	301
622	412
622	421
622	527
622	535
622	759
622	787
622	793
622	885
623	110
623	124
623	320
623	429
623	505
623	648
623	659
623	858
623	880
623	892
624	3
624	84
624	110
624	147
624	264
624	439
624	783
624	789
624	820
624	858
625	18
625	121
625	124
625	197
625	394
625	477
625	651
625	790
625	948
625	989
626	88
626	131
626	162
626	170
626	185
626	327
626	751
626	752
626	921
626	970
627	262
627	272
627	288
627	314
627	530
627	680
627	773
627	779
627	806
627	949
628	148
628	448
628	484
628	500
628	571
628	620
628	713
628	772
628	841
628	889
629	134
629	211
629	392
629	397
629	464
629	561
629	562
629	663
629	835
629	987
630	24
630	211
630	264
630	276
630	320
630	445
630	755
630	765
630	794
630	999
631	11
631	99
631	209
631	257
631	266
631	363
631	376
631	678
631	753
631	899
632	55
632	162
632	207
632	306
632	527
632	569
632	683
632	727
632	825
632	865
633	8
633	135
633	341
633	358
633	462
633	590
633	638
633	678
633	725
633	753
634	152
634	186
634	371
634	386
634	389
634	594
634	596
634	597
634	907
634	926
635	31
635	42
635	160
635	221
635	238
635	438
635	619
635	863
635	864
635	929
636	200
636	354
636	427
636	429
636	447
636	451
636	561
636	794
636	846
636	988
637	87
637	127
637	128
637	131
637	243
637	247
637	278
637	302
637	737
637	933
638	23
638	117
638	174
638	266
638	518
638	540
638	633
638	694
638	725
638	753
639	157
639	209
639	289
639	670
639	760
639	766
639	779
639	827
639	923
639	937
640	156
640	171
640	265
640	308
640	342
640	449
640	521
640	578
640	697
640	990
641	64
641	335
641	497
641	526
641	568
641	615
641	618
641	669
641	944
641	954
642	102
642	171
642	256
642	257
642	348
642	478
642	521
642	572
642	662
642	801
643	158
643	238
643	275
643	322
643	570
643	788
643	831
643	864
643	902
643	952
644	201
644	249
644	316
644	367
644	374
644	467
644	531
644	543
644	596
644	802
645	35
645	105
645	223
645	346
645	408
645	478
645	678
645	725
645	726
645	744
646	2
646	200
646	231
646	392
646	445
646	648
646	730
646	758
646	846
646	999
647	242
647	309
647	445
647	456
647	525
647	574
647	588
647	684
647	752
647	961
648	59
648	79
648	100
648	134
648	183
648	203
648	607
648	623
648	646
648	663
649	79
649	193
649	195
649	225
649	385
649	433
649	490
649	762
649	797
649	813
650	41
650	44
650	53
650	161
650	251
650	733
650	837
650	886
650	901
650	945
651	74
651	84
651	104
651	285
651	442
651	541
651	625
651	780
651	850
651	863
652	41
652	65
652	75
652	78
652	274
652	282
652	287
652	613
652	769
652	967
653	8
653	230
653	319
653	680
653	685
653	747
653	810
653	879
653	884
653	980
654	1
654	334
654	409
654	418
654	507
654	524
654	552
654	796
654	882
654	955
655	2
655	154
655	170
655	210
655	252
655	422
655	758
655	808
655	867
655	988
656	50
656	115
656	149
656	179
656	319
656	387
656	526
656	944
656	954
656	957
657	40
657	55
657	104
657	113
657	163
657	431
657	475
657	576
657	736
657	976
658	150
658	246
658	361
658	362
658	544
658	688
658	828
658	895
658	923
658	945
659	299
659	316
659	367
659	513
659	531
659	597
659	623
659	875
659	893
659	918
660	223
660	257
660	346
660	363
660	428
660	430
660	753
660	899
660	920
660	947
661	166
661	220
661	242
661	402
661	488
661	542
661	586
661	735
661	878
661	997
662	35
662	133
662	171
662	228
662	248
662	437
662	642
662	800
662	801
662	922
663	333
663	337
663	573
663	603
663	629
663	648
663	765
663	782
663	794
663	867
664	8
664	339
664	407
664	526
664	618
664	679
664	707
664	778
664	879
664	925
665	13
665	79
665	376
665	380
665	452
665	517
665	670
665	797
665	840
665	934
666	108
666	195
666	314
666	343
666	434
666	611
666	779
666	813
666	819
666	845
667	89
667	202
667	281
667	467
667	594
667	682
667	739
667	802
667	872
667	914
668	2
668	210
668	325
668	354
668	427
668	461
668	502
668	730
668	747
668	988
669	28
669	83
669	115
669	349
669	468
669	508
669	526
669	615
669	641
669	848
670	172
670	272
670	436
670	465
670	639
670	665
670	728
670	773
670	787
670	963
671	17
671	62
671	76
671	155
671	186
671	213
671	543
671	594
671	907
671	918
672	128
672	166
672	180
672	185
672	189
672	247
672	717
672	723
672	754
672	933
673	27
673	167
673	194
673	240
673	377
673	417
673	714
673	752
673	838
673	890
674	53
674	307
674	339
674	494
674	497
674	514
674	615
674	716
674	901
674	906
675	133
675	204
675	216
675	273
675	348
675	379
675	519
675	526
675	776
675	922
676	79
676	93
676	269
676	298
676	414
676	433
676	465
676	583
676	827
676	964
677	16
677	180
677	269
677	286
677	343
677	404
677	414
677	556
677	758
677	931
678	210
678	257
678	259
678	366
678	413
678	631
678	633
678	645
678	689
678	966
679	98
679	177
679	528
679	610
679	615
679	664
679	791
679	810
679	848
679	943
680	15
680	184
680	375
680	385
680	435
680	627
680	653
680	705
680	721
680	797
681	101
681	162
681	185
681	214
681	270
681	291
681	482
681	546
681	920
681	961
682	26
682	69
682	316
682	367
682	390
682	522
682	667
682	911
682	926
682	973
683	5
683	163
683	164
683	169
683	207
683	504
683	520
683	632
683	713
683	727
684	166
684	240
684	328
684	509
684	542
684	559
684	647
684	701
684	826
684	851
685	45
685	177
685	335
685	359
685	370
685	653
685	791
685	810
685	871
685	954
686	33
686	37
686	67
686	88
686	167
686	233
686	406
686	566
686	719
686	878
687	33
687	90
687	111
687	208
687	247
687	313
687	509
687	542
687	575
687	581
688	332
688	340
688	361
688	384
688	411
688	454
688	658
688	704
688	708
688	713
689	130
689	223
689	328
689	358
689	366
689	408
689	590
689	678
689	726
689	763
690	30
690	32
690	264
690	320
690	562
690	730
690	731
690	820
690	835
690	913
691	12
691	15
691	272
691	452
691	470
691	487
691	530
691	621
691	728
691	951
692	3
692	59
692	124
692	165
692	183
692	227
692	337
692	789
692	820
692	903
693	4
693	168
693	279
693	339
693	416
693	514
693	539
693	733
693	809
693	958
694	99
694	176
694	328
694	366
694	549
694	599
694	638
694	744
694	895
694	897
695	42
695	62
695	89
695	213
695	426
695	436
695	513
695	872
695	940
695	974
696	9
696	113
696	150
696	394
696	454
696	472
696	711
696	785
696	975
696	991
697	71
697	133
697	192
697	273
697	342
697	478
697	640
697	812
697	956
697	990
698	72
698	123
698	188
698	314
698	515
698	728
698	771
698	773
698	861
698	911
699	94
699	167
699	185
699	310
699	311
699	432
699	723
699	858
699	961
699	993
700	74
700	80
700	94
700	353
700	446
700	477
700	501
700	555
700	847
700	948
701	47
701	56
701	194
701	581
701	592
701	684
701	723
701	775
701	946
701	986
702	26
702	52
702	62
702	304
702	596
702	722
702	802
702	808
702	880
702	940
703	150
703	448
703	536
703	612
703	620
703	704
703	710
703	828
703	841
703	889
704	235
704	246
704	338
704	361
704	362
704	620
704	688
704	703
704	945
704	991
705	107
705	184
705	464
705	680
705	762
705	764
705	811
705	869
705	885
705	968
706	23
706	101
706	173
706	194
706	302
706	313
706	324
706	532
706	551
706	586
707	335
707	387
707	526
707	618
707	664
707	719
707	791
707	799
707	856
707	954
708	113
708	232
708	378
708	384
708	472
708	474
708	580
708	688
708	788
708	975
709	173
709	234
709	291
709	344
709	499
709	519
709	770
709	775
709	844
709	920
710	303
710	373
710	378
710	512
710	703
710	711
710	750
710	772
710	785
710	992
711	364
711	420
711	536
711	580
711	696
711	710
711	772
711	839
711	898
711	992
712	7
712	12
712	49
712	137
712	369
712	380
712	440
712	515
712	761
712	932
713	292
713	411
713	448
713	459
713	529
713	628
713	683
713	688
713	889
713	895
714	126
714	281
714	317
714	539
714	558
714	596
714	597
714	673
714	743
714	876
715	16
715	73
715	123
715	184
715	239
715	256
715	434
715	471
715	621
715	969
716	77
716	78
716	171
716	326
716	339
716	355
716	565
716	674
716	860
716	909
717	56
717	185
717	242
717	313
717	368
717	574
717	597
717	672
717	806
717	921
718	115
718	268
718	508
718	546
718	581
718	615
718	910
718	944
718	954
718	980
719	19
719	87
719	406
719	488
719	499
719	588
719	686
719	707
719	849
719	961
720	55
720	222
720	258
720	423
720	475
720	567
720	576
720	605
720	888
720	976
721	34
721	343
721	464
721	516
721	680
721	762
721	779
721	793
721	811
721	996
722	39
722	303
722	316
722	317
722	389
722	463
722	492
722	597
722	702
722	802
723	19
723	90
723	111
723	127
723	166
723	588
723	672
723	699
723	701
723	814
724	175
724	221
724	295
724	322
724	334
724	394
724	576
724	606
724	777
724	831
725	135
725	288
725	323
725	430
725	599
725	633
725	638
725	645
725	930
725	947
726	23
726	47
726	130
726	235
726	341
726	346
726	413
726	645
726	689
726	930
727	85
727	163
727	212
727	258
727	371
727	450
727	632
727	683
727	825
727	903
728	144
728	398
728	460
728	481
728	487
728	670
728	691
728	698
728	786
728	900
729	51
729	57
729	141
729	192
729	308
729	329
729	379
729	493
729	956
729	985
730	100
730	203
730	561
730	646
730	668
730	690
730	765
730	782
730	841
730	842
731	63
731	199
731	210
731	227
731	372
731	690
731	765
731	820
731	858
731	952
732	25
732	212
732	215
732	241
732	315
732	449
732	473
732	483
732	608
732	616
733	6
733	44
733	393
733	479
733	650
733	693
733	745
733	837
733	854
733	860
734	10
734	17
734	217
734	299
734	303
734	386
734	389
734	419
734	597
734	914
735	101
735	131
735	330
735	332
735	395
735	661
735	803
735	916
735	970
735	998
736	43
736	116
736	164
736	306
736	391
736	527
736	567
736	588
736	657
736	924
737	63
737	167
737	189
737	332
737	377
737	488
737	581
737	637
737	754
737	970
738	48
738	92
738	109
738	267
738	300
738	308
738	498
738	564
738	612
738	862
739	88
739	173
739	284
739	331
739	482
739	551
739	575
739	581
739	667
739	919
740	24
740	132
740	305
740	365
740	424
740	483
740	537
740	564
740	795
740	955
741	28
741	45
741	318
741	350
741	387
741	407
741	434
741	546
741	550
741	848
742	21
742	111
742	242
742	249
742	296
742	344
742	351
742	551
742	575
742	764
743	17
743	52
743	76
743	97
743	201
743	216
743	389
743	486
743	714
743	893
744	35
744	130
744	206
744	259
744	341
744	475
744	590
744	645
744	694
744	753
745	118
745	121
745	168
745	274
745	416
745	733
745	829
745	906
745	958
745	984
746	55
746	142
746	164
746	222
746	385
746	405
746	495
746	520
746	605
746	903
747	297
747	349
747	370
747	423
747	528
747	615
747	618
747	653
747	668
747	879
748	64
748	320
748	350
748	526
748	550
748	618
748	778
748	905
748	938
748	944
749	119
749	219
749	322
749	334
749	403
749	784
749	822
749	831
749	894
749	948
750	9
750	155
750	292
750	362
750	408
750	420
750	710
750	772
750	785
750	992
751	27
751	166
751	173
751	238
751	250
751	432
751	626
751	770
751	849
751	851
752	98
752	127
752	309
752	448
752	575
752	626
752	647
752	673
752	857
752	979
753	176
753	257
753	287
753	408
753	631
753	633
753	638
753	660
753	744
753	904
754	27
754	88
754	94
754	159
754	220
754	425
754	480
754	672
754	737
754	775
755	117
755	200
755	227
755	327
755	427
755	562
755	617
755	630
755	758
755	820
756	31
756	121
756	275
756	396
756	570
756	777
756	785
756	850
756	894
756	929
757	112
757	229
757	424
757	441
757	449
757	514
757	600
757	612
757	795
757	796
758	2
758	83
758	203
758	210
758	325
758	608
758	646
758	655
758	677
758	755
759	15
759	172
759	338
759	360
759	385
759	412
759	443
759	621
759	622
759	856
760	37
760	68
760	108
760	231
760	338
760	582
760	639
760	804
760	813
760	866
761	93
761	239
761	286
761	398
761	415
761	535
761	712
761	842
761	963
761	964
762	412
762	460
762	464
762	563
762	649
762	705
762	721
762	766
762	815
762	873
763	102
763	256
763	347
763	382
763	438
763	470
763	489
763	491
763	519
763	689
764	90
764	149
764	242
764	705
764	742
764	849
764	890
764	920
764	998
764	1000
765	59
765	264
765	383
765	579
765	607
765	630
765	663
765	730
765	731
765	783
766	12
766	116
766	231
766	253
766	609
766	639
766	762
766	833
766	840
766	978
767	16
767	193
767	196
767	356
767	375
767	530
767	582
767	839
767	876
767	932
768	18
768	31
768	221
768	304
768	322
768	446
768	570
768	780
768	902
768	989
769	78
769	141
769	191
769	236
769	339
769	393
769	497
769	652
769	861
769	965
770	33
770	94
770	284
770	709
770	751
770	826
770	850
770	921
770	961
770	981
771	2
771	79
771	107
771	188
771	356
771	471
771	698
771	834
771	939
771	996
772	113
772	271
772	362
772	536
772	538
772	628
772	710
772	711
772	750
772	828
773	90
773	178
773	288
773	356
773	385
773	515
773	627
773	670
773	698
773	840
774	113
774	155
774	211
774	420
774	454
774	500
774	538
774	895
774	960
774	991
775	127
775	145
775	185
775	284
775	531
775	701
775	709
775	754
775	824
775	919
776	51
776	171
776	248
776	273
776	308
776	347
776	563
776	572
776	675
776	985
777	22
777	29
777	125
777	261
777	570
777	584
777	602
777	606
777	724
777	756
778	8
778	50
778	64
778	268
778	423
778	468
778	664
778	748
778	879
778	962
779	49
779	148
779	314
779	404
779	481
779	590
779	627
779	639
779	666
779	721
780	70
780	175
780	221
780	315
780	410
780	553
780	585
780	651
780	768
780	927
781	25
781	58
781	138
781	187
781	229
781	260
781	441
781	503
781	554
781	557
782	30
782	165
782	227
782	562
782	572
782	617
782	663
782	730
782	880
782	913
783	154
783	170
783	183
783	397
783	523
783	607
783	624
783	765
783	821
783	867
784	130
784	146
784	238
784	394
784	541
784	585
784	606
784	749
784	790
784	822
785	361
785	378
785	474
785	512
785	571
785	580
785	696
785	710
785	750
785	756
786	318
786	319
786	335
786	407
786	508
786	568
786	728
786	791
786	810
786	943
787	37
787	107
787	208
787	356
787	471
787	472
787	517
787	622
787	670
787	839
788	18
788	80
788	121
788	261
788	353
788	643
788	708
788	822
788	847
788	989
789	102
789	199
789	354
789	392
789	397
789	451
789	523
789	624
789	692
789	913
790	70
790	114
790	442
790	538
790	570
790	577
790	625
790	784
790	917
790	952
791	297
791	407
791	502
791	679
791	685
791	707
791	786
791	814
791	925
791	928
792	70
792	146
792	160
792	175
792	197
792	203
792	822
792	850
792	927
792	989
793	12
793	144
793	195
793	196
793	205
793	577
793	593
793	622
793	721
793	839
794	124
794	142
794	427
794	461
794	502
794	591
794	630
794	636
794	663
794	988
795	58
795	229
795	345
795	365
795	374
795	409
795	418
795	510
795	740
795	757
796	75
796	153
796	245
796	441
796	524
796	654
796	757
796	853
796	950
796	997
797	68
797	225
797	601
797	649
797	665
797	680
797	813
797	827
797	912
797	946
798	73
798	123
798	360
798	375
798	511
798	533
798	548
798	556
798	861
798	923
799	8
799	28
799	177
799	318
799	546
799	599
799	707
799	883
799	910
799	957
800	171
800	204
800	248
800	329
800	438
800	470
800	500
800	662
800	922
800	995
801	228
801	256
801	478
801	491
801	553
801	642
801	662
801	922
801	956
801	990
802	76
802	89
802	188
802	217
802	486
802	644
802	667
802	702
802	722
802	876
803	8
803	46
803	177
803	179
803	350
803	546
803	735
803	816
803	943
803	980
804	13
804	180
804	225
804	236
804	290
804	343
804	548
804	760
804	877
804	968
805	32
805	235
805	289
805	373
805	378
805	454
805	516
805	571
805	592
805	818
806	67
806	98
806	189
806	294
806	574
806	627
806	717
806	826
806	851
806	998
807	10
807	267
807	271
807	312
807	315
807	321
807	418
807	498
807	612
807	979
808	69
808	76
808	97
808	217
808	303
808	317
808	436
808	655
808	702
808	868
809	29
809	65
809	77
809	283
809	339
809	494
809	497
809	693
809	860
809	938
810	222
810	318
810	370
810	653
810	679
810	685
810	786
810	879
810	944
810	954
811	15
811	31
811	288
811	533
811	548
811	556
811	705
811	721
811	934
811	978
812	57
812	61
812	102
812	248
812	265
812	342
812	379
812	399
812	460
812	697
813	196
813	369
813	535
813	649
813	666
813	760
813	797
813	817
813	963
813	980
814	181
814	268
814	297
814	335
814	350
814	352
814	387
814	723
814	791
814	856
815	385
815	414
815	452
815	471
815	479
815	548
815	560
815	762
815	845
815	985
816	50
816	64
816	352
816	401
816	402
816	803
816	884
816	910
816	957
816	980
817	172
817	193
817	319
817	421
817	593
817	813
817	833
817	885
817	934
817	969
818	32
818	340
818	362
818	373
818	420
818	469
818	500
818	516
818	571
818	805
819	25
819	112
819	153
819	190
819	215
819	244
819	374
819	483
819	557
819	666
820	66
820	83
820	281
820	502
820	624
820	690
820	692
820	731
820	755
820	874
821	70
821	305
821	477
821	577
821	602
821	783
821	831
821	863
821	894
821	994
822	42
822	146
822	749
822	784
822	788
822	792
822	831
822	871
822	881
822	912
823	14
823	75
823	229
823	260
823	321
823	425
823	483
823	924
823	950
823	971
824	111
824	309
824	330
824	388
824	412
824	547
824	559
824	586
824	775
824	890
825	169
825	189
825	219
825	222
825	258
825	431
825	490
825	632
825	727
825	924
826	53
826	145
826	327
826	344
826	482
826	684
826	770
826	806
826	857
826	981
827	255
827	360
827	515
827	534
827	560
827	583
827	639
827	676
827	797
827	831
828	155
828	330
828	378
828	459
828	512
828	516
828	658
828	703
828	772
828	841
829	29
829	41
829	53
829	161
829	393
829	545
829	745
829	886
829	891
829	967
830	17
830	69
830	126
830	217
830	243
830	336
830	454
830	875
830	918
830	953
831	74
831	295
831	584
831	643
831	724
831	749
831	821
831	822
831	827
831	994
832	62
832	81
832	344
832	390
832	436
832	447
832	463
832	467
832	604
832	907
833	172
833	255
833	294
833	360
833	443
833	535
833	556
833	563
833	766
833	817
834	34
834	188
834	269
834	290
834	427
834	464
834	530
834	534
834	563
834	771
835	63
835	66
835	110
835	245
835	372
835	629
835	690
835	880
835	892
835	960
836	116
836	158
836	163
836	391
836	435
836	567
836	569
836	873
836	915
836	976
837	41
837	71
837	226
837	236
837	282
837	283
837	307
837	350
837	650
837	733
838	40
838	94
838	140
838	296
838	395
838	581
838	673
838	946
838	961
838	986
839	107
839	196
839	209
839	231
839	711
839	767
839	787
839	793
839	869
839	934
840	7
840	434
840	621
840	665
840	766
840	773
840	907
840	932
840	964
840	972
841	289
841	420
841	459
841	484
841	512
841	579
841	628
841	703
841	730
841	828
842	30
842	82
842	100
842	110
842	392
842	561
842	603
842	730
842	761
842	987
843	114
843	143
843	221
843	233
843	410
843	446
843	511
843	570
843	577
843	585
844	127
844	185
844	310
844	345
844	480
844	586
844	592
844	709
844	919
844	995
845	195
845	255
845	369
845	563
845	593
845	611
845	666
845	815
845	900
845	966
846	110
846	211
846	221
846	397
846	439
846	505
846	573
846	636
846	646
846	880
847	84
847	125
847	213
847	285
847	501
847	555
847	700
847	788
847	863
847	917
848	46
848	179
848	207
848	508
848	669
848	679
848	741
848	883
848	925
848	928
849	56
849	145
849	294
849	324
849	524
849	719
849	751
849	764
849	942
849	986
850	39
850	119
850	139
850	175
850	353
850	651
850	756
850	770
850	792
850	917
851	19
851	331
851	506
851	614
851	684
851	751
851	806
851	878
851	890
851	958
852	9
852	113
852	292
852	340
852	414
852	440
852	474
852	516
852	536
852	991
853	229
853	237
853	267
853	333
853	409
853	418
853	506
853	552
853	796
853	882
854	53
854	77
854	226
854	254
854	355
854	393
854	505
854	514
854	733
854	967
855	116
855	142
855	182
855	258
855	405
855	475
855	504
855	873
855	903
855	918
856	230
856	352
856	401
856	550
856	707
856	759
856	814
856	908
856	910
856	980
857	296
857	341
857	377
857	456
857	488
857	566
857	592
857	752
857	826
857	921
858	100
858	110
858	211
858	320
858	422
858	562
858	623
858	624
858	699
858	731
859	4
859	78
859	118
859	161
859	168
859	307
859	514
859	606
859	958
859	962
860	118
860	191
860	279
860	494
860	529
860	716
860	733
860	809
860	909
860	984
861	68
861	123
861	188
861	208
861	293
861	621
861	698
861	769
861	798
861	969
862	20
862	48
862	109
862	138
862	357
862	374
862	449
862	537
862	543
862	738
863	6
863	22
863	139
863	143
863	187
863	322
863	635
863	651
863	821
863	847
864	80
864	143
864	160
864	290
864	305
864	322
864	403
864	458
864	635
864	643
865	40
865	43
865	104
865	158
865	169
865	306
865	569
865	576
865	632
865	961
866	76
866	97
866	152
866	336
866	486
866	513
866	597
866	760
866	875
866	911
867	27
867	59
867	154
867	502
867	591
867	655
867	663
867	783
867	892
867	999
868	38
868	81
868	213
868	329
868	390
868	426
868	594
868	808
868	876
868	974
869	172
869	180
869	205
869	209
869	434
869	443
869	452
869	705
869	839
869	889
870	92
870	99
870	174
870	206
870	366
870	408
870	466
870	899
870	947
870	966
871	22
871	39
871	143
871	160
871	295
871	555
871	685
871	822
871	927
871	948
872	69
872	76
872	97
872	201
872	281
872	300
872	667
872	695
872	918
872	953
873	104
873	207
873	490
873	495
873	576
873	605
873	762
873	836
873	855
873	903
874	20
874	59
874	63
874	198
874	218
874	392
874	427
874	820
874	913
874	987
875	249
875	317
875	390
875	419
875	531
875	607
875	659
875	830
875	866
875	907
876	152
876	303
876	447
876	597
876	598
876	714
876	767
876	802
876	868
876	926
877	13
877	93
877	208
877	288
877	290
877	348
877	479
877	481
877	583
877	804
878	233
878	284
878	362
878	368
878	542
878	614
878	661
878	686
878	851
878	970
879	8
879	106
879	177
879	317
879	653
879	664
879	747
879	778
879	810
879	957
880	110
880	129
880	199
880	337
880	603
880	623
880	702
880	782
880	835
880	846
881	18
881	31
881	238
881	401
881	410
881	619
881	822
881	927
881	952
881	994
882	20
882	38
882	109
882	244
882	425
882	449
882	557
882	612
882	654
882	853
883	8
883	45
883	100
883	106
883	401
883	508
883	550
883	799
883	848
883	938
884	64
884	106
884	352
884	442
884	508
884	568
884	618
884	653
884	816
884	928
885	231
885	392
885	398
885	414
885	611
885	622
885	705
885	817
885	912
885	951
886	4
886	6
886	191
886	277
886	279
886	287
886	307
886	426
886	650
886	829
887	67
887	98
887	145
887	194
887	220
887	310
887	368
887	525
887	913
887	1000
888	91
888	104
888	116
888	142
888	158
888	298
888	520
888	620
888	720
888	903
889	155
889	246
889	289
889	484
889	512
889	628
889	703
889	713
889	869
889	941
890	309
890	469
890	476
890	551
890	587
890	673
890	764
890	824
890	851
890	986
891	44
891	78
891	168
891	191
891	613
891	829
891	909
891	967
891	984
891	986
892	83
892	211
892	252
892	337
892	461
892	623
892	835
892	867
892	921
892	987
893	26
893	281
893	426
893	463
893	594
893	604
893	659
893	743
893	918
893	999
894	84
894	160
894	187
894	221
894	305
894	396
894	474
894	749
894	756
894	821
895	232
895	484
895	544
895	579
895	580
895	658
895	694
895	713
895	774
895	898
896	281
896	283
896	317
896	367
896	476
896	539
896	543
896	595
896	907
896	973
897	23
897	36
897	60
897	99
897	105
897	358
897	363
897	462
897	694
897	966
898	36
898	235
898	273
898	280
898	440
898	711
898	895
898	945
898	960
898	975
899	223
899	259
899	328
899	363
899	398
899	457
899	518
899	631
899	660
899	870
900	34
900	161
900	314
900	343
900	412
900	452
900	465
900	728
900	845
900	949
901	4
901	276
901	279
901	287
901	355
901	416
901	497
901	545
901	650
901	674
902	74
902	334
902	353
902	394
902	403
902	606
902	619
902	643
902	768
902	990
903	258
903	431
903	520
903	576
903	692
903	727
903	746
903	855
903	873
903	888
904	11
904	174
904	196
904	257
904	259
904	323
904	341
904	428
904	753
904	935
905	45
905	110
905	230
905	268
905	319
905	468
905	546
905	748
905	908
905	957
906	226
906	251
906	260
906	274
906	287
906	494
906	565
906	674
906	745
906	965
907	38
907	243
907	304
907	531
907	634
907	671
907	832
907	840
907	875
907	896
908	28
908	268
908	297
908	352
908	423
908	578
908	856
908	905
908	943
908	980
909	6
909	19
909	53
909	254
909	274
909	283
909	497
909	716
909	860
909	891
910	177
910	181
910	391
910	528
910	618
910	718
910	799
910	816
910	856
910	944
911	95
911	126
911	367
911	400
911	492
911	558
911	596
911	682
911	698
911	866
912	148
912	338
912	443
912	444
912	517
912	797
912	822
912	885
912	931
912	996
913	63
913	82
913	183
913	252
913	589
913	690
913	782
913	789
913	874
913	887
914	26
914	76
914	217
914	436
914	587
914	604
914	667
914	734
914	918
914	940
915	85
915	142
915	164
915	284
915	371
915	405
915	495
915	567
915	836
915	976
916	27
916	67
916	140
916	157
916	313
916	345
916	388
916	735
916	982
916	1000
917	18
917	22
917	125
917	126
917	139
917	403
917	790
917	847
917	850
917	929
918	38
918	426
918	486
918	659
918	671
918	830
918	855
918	872
918	893
918	914
919	101
919	140
919	230
919	234
919	242
919	302
919	739
919	775
919	844
919	979
920	173
920	234
920	311
920	532
920	547
920	566
920	660
920	681
920	709
920	764
921	101
921	111
921	330
921	331
921	532
921	626
921	717
921	770
921	857
921	892
922	216
922	265
922	390
922	478
922	519
922	578
922	662
922	675
922	800
922	801
923	93
923	231
923	239
923	286
923	479
923	639
923	658
923	798
923	951
923	964
924	54
924	158
924	163
924	222
924	371
924	475
924	495
924	736
924	823
924	825
925	106
925	318
925	370
925	401
925	421
925	508
925	615
925	664
925	791
925	848
926	152
926	202
926	356
926	426
926	463
926	486
926	539
926	634
926	682
926	876
927	31
927	175
927	197
927	285
927	292
927	780
927	792
927	871
927	881
927	994
928	22
928	46
928	297
928	349
928	359
928	387
928	568
928	791
928	848
928	884
929	31
929	66
929	119
929	139
929	160
929	577
929	584
929	635
929	756
929	917
930	11
930	266
930	346
930	358
930	453
930	462
930	466
930	491
930	725
930	726
931	68
931	125
931	157
931	290
931	380
931	404
931	677
931	912
931	949
931	968
932	79
932	193
932	286
932	340
932	465
932	530
932	548
932	712
932	767
932	840
933	34
933	140
933	167
933	233
933	499
933	566
933	575
933	637
933	672
933	986
934	205
934	231
934	268
934	533
934	563
934	665
934	811
934	817
934	839
934	939
935	47
935	60
935	86
935	223
935	365
935	453
935	462
935	549
935	904
935	959
936	149
936	417
936	432
936	456
936	486
936	525
936	551
936	946
936	981
936	998
937	80
937	180
937	208
937	262
937	404
937	433
937	465
937	593
937	611
937	639
938	179
938	318
938	401
938	423
938	526
938	568
938	748
938	809
938	883
938	980
939	13
939	93
939	225
939	253
939	343
939	441
939	471
939	534
939	771
939	934
940	52
940	81
940	126
940	152
940	322
940	447
940	463
940	695
940	702
940	914
941	280
941	411
941	440
941	459
941	472
941	512
941	516
941	561
941	889
941	945
942	229
942	278
942	294
942	327
942	345
942	506
942	586
942	587
942	849
942	981
943	3
943	28
943	64
943	350
943	359
943	526
943	679
943	786
943	803
943	908
944	46
944	230
944	349
944	574
944	641
944	656
944	718
944	748
944	810
944	910
945	36
945	150
945	246
945	544
945	650
945	658
945	704
945	898
945	941
945	960
946	247
946	250
946	381
946	456
946	469
946	574
946	701
946	797
946	838
946	936
947	130
947	266
947	328
947	408
947	428
947	466
947	599
947	660
947	725
947	870
948	22
948	74
948	84
948	258
948	555
948	570
948	625
948	700
948	749
948	871
949	148
949	239
949	278
949	301
949	460
949	534
949	627
949	900
949	931
949	996
950	14
950	92
950	300
950	314
950	473
950	483
950	503
950	600
950	796
950	823
951	49
951	225
951	239
951	253
951	380
951	549
951	691
951	885
951	923
951	983
952	39
952	143
952	238
952	305
952	322
952	511
952	643
952	731
952	790
952	881
953	38
953	202
953	303
953	304
953	389
953	400
953	503
953	531
953	830
953	872
954	387
954	423
954	564
954	641
954	656
954	685
954	707
954	718
954	810
954	980
955	25
955	212
955	357
955	399
955	503
955	524
955	537
955	552
955	654
955	740
956	51
956	204
956	248
956	342
956	438
956	508
956	572
956	697
956	729
956	801
957	46
957	423
957	546
957	550
957	611
957	656
957	799
957	816
957	879
957	905
958	41
958	168
958	251
958	307
958	326
958	693
958	745
958	851
958	859
958	965
959	47
959	86
959	174
959	176
959	266
959	328
959	379
959	408
959	457
959	935
960	235
960	280
960	448
960	529
960	774
960	835
960	898
960	945
960	991
960	992
961	21
961	33
961	574
961	647
961	681
961	699
961	719
961	770
961	838
961	865
962	136
962	141
962	251
962	274
962	355
962	514
962	613
962	778
962	859
962	967
963	73
963	79
963	144
963	291
963	460
963	481
963	534
963	670
963	761
963	813
964	33
964	293
964	404
964	421
964	460
964	609
964	676
964	761
964	840
964	923
965	44
965	118
965	141
965	164
965	251
965	565
965	769
965	906
965	958
965	984
966	47
966	60
966	206
966	259
966	413
966	430
966	678
966	845
966	870
966	897
967	29
967	71
967	307
967	494
967	541
967	652
967	829
967	854
967	891
967	962
968	12
968	262
968	272
968	288
968	560
968	601
968	705
968	804
968	931
968	994
969	123
969	137
969	180
969	397
969	435
969	517
969	621
969	715
969	817
969	861
970	99
970	128
970	189
970	284
970	395
970	480
970	626
970	735
970	737
970	878
971	1
971	112
971	215
971	237
971	241
971	425
971	441
971	485
971	552
971	823
972	108
972	239
972	262
972	369
972	422
972	433
972	444
972	452
972	840
972	983
973	38
973	95
973	115
973	202
973	317
973	400
973	463
973	595
973	682
973	896
974	69
974	97
974	237
974	281
974	316
974	367
974	467
974	558
974	695
974	868
975	113
975	263
975	340
975	362
975	384
975	474
975	538
975	696
975	708
975	898
976	104
976	275
976	306
976	475
976	495
976	605
976	657
976	720
976	836
976	915
977	1
977	25
977	271
977	418
977	424
977	425
977	437
977	473
977	510
977	537
978	13
978	49
978	262
978	385
978	412
978	444
978	583
978	766
978	811
978	987
979	173
979	377
979	388
979	402
979	432
979	522
979	752
979	807
979	919
979	993
980	468
980	653
980	718
980	803
980	813
980	816
980	856
980	908
980	938
980	954
981	162
981	220
981	311
981	332
981	344
981	582
981	770
981	826
981	936
981	942
982	96
982	149
982	220
982	233
982	263
982	309
982	468
982	499
982	916
982	1000
983	49
983	73
983	137
983	182
983	301
983	369
983	404
983	481
983	951
983	972
984	29
984	287
984	326
984	368
984	416
984	613
984	745
984	860
984	891
984	965
985	192
985	347
985	399
985	470
985	572
985	578
985	729
985	776
985	815
985	990
986	131
986	351
986	402
986	559
986	701
986	838
986	849
986	890
986	891
986	933
987	165
987	427
987	455
987	589
987	617
987	629
987	842
987	874
987	892
987	978
988	3
988	203
988	245
988	264
988	366
988	608
988	636
988	655
988	668
988	794
989	57
989	261
989	403
989	446
989	511
989	584
989	625
989	768
989	788
989	792
990	57
990	308
990	437
990	438
990	491
990	640
990	697
990	801
990	902
990	985
991	280
991	307
991	373
991	384
991	538
991	696
991	704
991	774
991	852
991	960
992	218
992	292
992	364
992	373
992	538
992	579
992	710
992	711
992	750
992	960
993	7
993	149
993	162
993	263
993	291
993	294
993	296
993	699
993	979
993	1000
994	119
994	146
994	221
994	261
994	619
994	821
994	831
994	881
994	927
994	968
995	102
995	103
995	133
995	171
995	265
995	273
995	329
995	478
995	800
995	844
996	360
996	455
996	464
996	530
996	560
996	601
996	721
996	771
996	912
996	949
997	1
997	58
997	92
997	112
997	333
997	374
997	564
997	616
997	661
997	796
998	27
998	214
998	234
998	302
998	395
998	498
998	735
998	764
998	806
998	936
999	210
999	427
999	455
999	561
999	603
999	607
999	630
999	646
999	867
999	893
1000	95
1000	189
1000	234
1000	417
1000	499
1000	764
1000	887
1000	916
1000	982
1000	993
